0.000000000000000000e+00 -9.857595785097187594e-04
1.000000000000000056e-01 3.663273746624957916e-02
2.000000000000000111e-01 3.030193002150847748e-01
3.000000000000000444e-01 3.685823037708990668e-01
4.000000000000000222e-01 4.686223935950967201e-01
5.000000000000000000e-01 4.945079421192178915e-01
6.000000000000000888e-01 5.280101635569734997e-01
7.000000000000000666e-01 5.413097664455270852e-01
8.000000000000000444e-01 6.152540287846240963e-01
9.000000000000000222e-01 8.439342817961181797e-01
1.000000000000000000e+00 9.352640062275869859e-01
1.100000000000000089e+00 6.796611749689253079e-01
1.200000000000000178e+00 1.003615840292959360e+00
1.300000000000000044e+00 9.017965360931525787e-01
1.400000000000000133e+00 9.025150555180597722e-01
1.500000000000000000e+00 8.464954740166954483e-01
1.600000000000000089e+00 9.265986359041465947e-01
1.700000000000000178e+00 9.293769667996621964e-01
1.800000000000000044e+00 9.798278306640220148e-01
1.900000000000000133e+00 1.071201510954679303e+00
2.000000000000000000e+00 9.964355074270252466e-01
2.100000000000000089e+00 8.172349933721472226e-01
2.200000000000000178e+00 8.417916827262401647e-01
2.300000000000000266e+00 4.603781513624903843e-01
2.400000000000000355e+00 7.447076728185406669e-01
2.500000000000000000e+00 5.799877596292611903e-01
2.600000000000000089e+00 6.033800018835328016e-01
2.700000000000000178e+00 5.749438821529921917e-01
2.800000000000000266e+00 2.647725639518234697e-01
2.900000000000000355e+00 1.882940319414320718e-01
3.000000000000000000e+00 4.899468394276055294e-01
3.100000000000000089e+00 8.954293911379414272e-02
3.200000000000000178e+00 -1.679947480682854599e-01
3.300000000000000266e+00 -2.016711478051969320e-01
3.400000000000000355e+00 -1.874865661086146384e-01
3.500000000000000000e+00 -5.935599386269487798e-01
3.600000000000000089e+00 -3.636300432467030608e-01
3.700000000000000178e+00 -4.199664136161074812e-01
3.800000000000000266e+00 -5.243374073822144599e-01
3.900000000000000355e+00 -6.863371880469811837e-01
4.000000000000000000e+00 -7.610375426753542838e-01
4.100000000000000533e+00 -9.838354244890191724e-01
4.200000000000000178e+00 -9.690085381372183226e-01
4.299999999999999822e+00 -9.206167103901790050e-01
4.400000000000000355e+00 -7.576429206437661490e-01
4.500000000000000000e+00 -1.039019499235646737e+00
4.600000000000000533e+00 -1.114027122085683663e+00
4.700000000000000178e+00 -1.052765624735973571e+00
4.800000000000000711e+00 -9.759467722394788991e-01
4.900000000000000355e+00 -1.074189481759342701e+00
5.000000000000000000e+00 -9.194158499449717192e-01
5.100000000000000533e+00 -9.423679097435654350e-01
5.200000000000000178e+00 -9.013501722687138340e-01
5.300000000000000711e+00 -8.064616858447499759e-01
5.400000000000000355e+00 -7.685600897536106757e-01
5.500000000000000000e+00 -8.959083276366325288e-01
5.600000000000000533e+00 -7.211041773710270553e-01
5.700000000000000178e+00 -5.454450728390534131e-01
5.800000000000000711e+00 -3.650249351770706308e-01
5.900000000000000355e+00 -3.933136511249725742e-01
6.000000000000000000e+00 -4.324547021841024796e-01
6.100000000000000533e+00 -7.913842089966365012e-02
6.200000000000000178e+00 -1.800730572025420750e-01
6.300000000000000711e+00 9.568733978925775263e-02
6.400000000000000355e+00 1.963848891449318512e-01
6.500000000000000000e+00 1.732565736350014651e-01
6.600000000000000533e+00 1.923035862068651625e-01
6.700000000000000178e+00 5.474240091051345569e-01
6.800000000000000711e+00 5.587708062932050801e-01
6.900000000000000355e+00 6.963562413593925582e-01
7.000000000000000000e+00 5.894203963488601206e-01
7.100000000000000533e+00 8.462707770223827364e-01
7.200000000000000178e+00 7.706484136095858029e-01
7.300000000000000711e+00 8.575855021291430846e-01
7.400000000000000355e+00 1.009359011147809682e+00
7.500000000000000000e+00 7.700011989935116041e-01
7.600000000000000533e+00 9.518614515565188006e-01
7.700000000000000178e+00 1.151034784642384512e+00
7.800000000000000711e+00 1.051528159672156626e+00
7.900000000000000355e+00 1.073458868985215808e+00
8.000000000000000000e+00 1.053391195487887844e+00
8.099999999999999645e+00 8.608384605518712984e-01
8.200000000000001066e+00 9.999453256576356086e-01
8.300000000000000711e+00 8.868545768340545532e-01
8.400000000000000355e+00 9.798411275423216660e-01
8.500000000000000000e+00 7.955326274154822519e-01
8.599999999999999645e+00 7.033713155293015440e-01
8.700000000000001066e+00 6.507303593923990936e-01
8.800000000000000711e+00 5.160661017582457433e-01
8.900000000000000355e+00 5.455097504049278845e-01
9.000000000000000000e+00 2.341322095243786872e-01
9.099999999999999645e+00 1.796889470075608286e-01
9.200000000000001066e+00 3.326470325454137789e-01
9.300000000000000711e+00 -2.917925657207109946e-02
9.400000000000000355e+00 -5.961349782207082254e-02
9.500000000000000000e+00 -2.728874391127453225e-02
9.600000000000001421e+00 -1.422070873431559579e-01
9.700000000000001066e+00 -1.641908484424610126e-01
9.800000000000000711e+00 -4.204061935172148656e-01
9.900000000000000355e+00 -4.652007785664751816e-01
